1 0.42109375 0.31015625 0.0875 0.22578125
1 0.5984375 0.50390625 0.0765625 0.2453125
1 0.871875 0.7078125 0.128125 0.175
1 0.753125 0.72265625 0.10703125 0.21171875
1 0.4625 0.76796875 0.11328125 0.16640625
1 0.1140625 0.66953125 0.10234375 0.1765625
1 0.22890625 0.5546875 0.11328125 0.20859375
1 0.07578125 0.58046875 0.0828125 0.15703125
1 0.33125 0.49296875 0.078125 0.2640625
1 0.3609375 0.31875 0.0640625 0.1953125
2 0.5015625 0.37109375 0.084375 0.22265625
1 0.6796875 0.44453125 0.0796875 0.20703125